felt-main.wav 0 0.0044023 -275.143 47.4498 24.2968 4.56219 -4.82535 -6.88059 -5.22413 -1.0098 3.30069 3.81736 5.20882e-14 -3.81736 -3.30069 
felt-main.wav 0.5 0.00297948 -282.227 41.4522 25.2248 7.57086 -4.4754 -8.44146 -6.0697 -1.17936 2.41212 2.59752 5.68494e-14 -2.59752 -2.41212 
felt-main.wav 1 0.000501551 -295.419 25.0023 14.4853 3.77319 -2.64626 -4.01863 -2.31111 -0.0119564 1.26844 1.10865 6.06574e-14 -1.10865 -1.26844 
felt-main.wav 1.5 0.000623498 -297.023 24.3967 17.3512 8.96952 2.18701 -1.47901 -2.24001 -1.38839 -0.332323 0.123773 6.3228e-14 -0.123773 0.332323 
felt-main.wav 2 0.000922115 -293.078 29.0328 19.6264 8.61849 0.144618 -3.68558 -3.37493 -1.12132 0.748732 1.02543 6.15485e-14 -1.02543 -0.748732 
felt-main.wav 2.5 0.000888684 -292.325 29.6125 19.0617 6.96507 -1.89559 -5.23062 -3.88597 -0.655564 1.65364 1.69905 6.06081e-14 -1.69905 -1.65364 
felt-main.wav 3 0.000776023 -300.255 18.2359 7.32669 -4.96907 -13.4086 -15.3869 -11.8255 -6.00531 -1.35154 0.437049 5.91387e-14 -0.437049 1.35154 
felt-main.wav 3.5 0.000715931 -294.427 26.7287 16.3087 4.18614 -4.77643 -7.91664 -5.80974 -1.45125 1.77032 2.05104 6.02774e-14 -2.05104 -1.77032 
felt-main.wav 4 0.00611101 -274.43 48.531 24.5763 2.3053 -9.5103 -11.4318 -7.60303 -1.77681 2.64707 3.10885 5.15528e-14 -3.10885 -2.64707 
felt-main.wav 4.5 0.0050646 -278.431 42.3176 17.2654 -4.96462 -14.1838 -12.3142 -7.1973 -4.20009 -3.39092 -2.33766 5.15928e-14 2.33766 3.39092 
felt-main.wav 5 0.0019038 -287.036 35.9894 23.1248 9.32192 0.035289 -3.3054 -2.62268 -0.748438 0.465234 0.574589 5.96785e-14 -0.574589 -0.465234 
felt-main.wav 5.5 0.000337938 -299.292 20.7657 12.9101 4.3226 -1.34622 -2.74648 -1.05233 1.36186 2.55752 1.90435 6.22869e-14 -1.90435 -2.55752 
felt-main.wav 6 0.000752187 -293.338 28.1338 17.6219 5.91965 -2.26924 -5.09272 -3.74763 -0.919157 1.04993 1.19605 6.06601e-14 -1.19605 -1.04993 
felt-main.wav 6.5 0.000523648 -298.424 21.7122 12.87 2.46971 -5.41208 -8.42741 -6.85831 -3.0652 0.102146 0.996788 6.11847e-14 -0.996788 -0.102146 
felt-main.wav 7 0.00100833 -286.589 33.0837 14.9711 1.95855 -1.38778 -0.17288 0.876791 1.26068 1.48079 1.11614 5.61847e-14 -1.11614 -1.48079 
felt-main.wav 7.5 0.00175408 -285.188 37.1629 21.2219 5.24798 -3.79789 -5.1954 -2.83696 -0.777935 -0.278739 -0.316444 5.77863e-14 0.316444 0.278739 
felt-main.wav 8 0.00400184 -274.773 46.8175 21.5646 1.05768 -7.10847 -7.04548 -4.24848 -1.06415 1.22598 1.49697 5.1381e-14 -1.49697 -1.22598 
felt-main.wav 8.5 0.00214041 -282.673 39.1695 20.4557 3.49974 -4.44862 -4.79523 -2.80755 -1.86184 -1.90873 -1.45722 5.61373e-14 1.45722 1.90873 
felt-main.wav 9 0.00180692 -286.982 34.5772 18.197 1.0194 -9.54062 -11.3862 -7.28654 -1.83438 1.51745 1.7736 5.64631e-14 -1.7736 -1.51745 
felt-main.wav 9.5 0.00186584 -286.299 36.7525 23.0538 8.12903 -1.80867 -4.57853 -2.16498 1.58329 3.56019 2.7347 5.88021e-14 -2.7347 -3.56019 
felt-main.wav 10 0.00188974 -284.899 38.0932 22.8452 6.31441 -4.51086 -7.18182 -3.95456 0.788775 3.47346 2.87 5.75758e-14 -2.87 -3.47346 
felt-main.wav 10.5 0.00217653 -290.706 32.8996 24.6259 14.4021 5.45157 -0.355901 -2.87092 -3.0761 -2.19557 -1.07096 6.29728e-14 1.07096 2.19557 
felt-main.wav 11 0.00177375 -286.594 36.4799 22.9849 7.93381 -2.55074 -6.00831 -4.05181 -0.320643 2.06799 1.93181 5.88673e-14 -1.93181 -2.06799 
felt-main.wav 11.5 0.00341065 -290.431 28.4696 9.33679 -10.0536 -20.8008 -21.0436 -14.9002 -7.83127 -3.01019 -0.779715 5.38487e-14 0.779715 3.01019 
felt-main.wav 12 0.00890479 -266.056 55.9241 24.5562 0.85548 -6.89018 -6.50144 -4.82079 -1.71522 2.36727 3.40278 4.67868e-14 -3.40278 -2.36727 
felt-main.wav 12.5 0.00291702 -278.593 42.7053 19.1278 -1.64338 -10.2568 -8.74861 -3.99268 -0.41189 1.12236 1.04182 5.221e-14 -1.04182 -1.12236 
felt-main.wav 13 0.00278271 -281.277 41.541 23.3783 6.32262 -2.09685 -2.68188 -0.876702 -0.514606 -1.37184 -1.40982 5.68185e-14 1.40982 1.37184 
felt-main.wav 13.5 0.000423123 -297.765 22.1412 12.3676 1.70912 -5.28514 -6.81903 -4.11979 -0.0894572 2.48068 2.28331 6.06114e-14 -2.28331 -2.48068 
felt-main.wav 14 0.00327511 -281.579 42.3815 26.2708 8.967 -2.56326 -6.24215 -4.21831 -0.23309 2.48249 2.36072 5.72126e-14 -2.36072 -2.48249 
felt-main.wav 14.5 0.000779717 -293.214 28.2004 17.6568 6.35132 -1.32753 -4.20528 -3.59469 -1.55475 0.172543 0.635439 6.07212e-14 -0.635439 -0.172543 
felt-main.wav 15 0.000538303 -292.73 26.3034 11.1799 -1.23504 -5.18925 -3.1414 -0.714806 -0.786509 -2.06739 -1.98416 5.82863e-14 1.98416 2.06739 
felt-main.wav 15.5 0.00265734 -279.165 42.3381 21.0043 4.20327 -1.95802 -1.90754 -0.812035 -0.155891 0.133458 0.134235 5.45212e-14 -0.134235 -0.133458 
felt-main.wav 16 0.00536938 -272.223 50.2175 24.4641 3.62354 -4.2641 -3.68663 -1.1972 0.341735 0.626142 0.29721 5.18541e-14 -0.29721 -0.626142 
felt-main.wav 16.5 0.00966153 -269.372 55.2982 29.9606 5.97616 -5.93059 -6.1699 -1.84426 1.0567 1.26259 0.479364 5.21274e-14 -0.479364 -1.26259 
felt-main.wav 17 0.00187088 -285.78 37.1394 22.5502 6.41566 -4.87269 -8.61269 -5.96751 -0.629748 3.21593 3.17953 5.77009e-14 -3.17953 -3.21593 
felt-main.wav 17.5 0.00300655 -281.976 41.9401 25.9137 8.28017 -3.79945 -7.59739 -4.95509 -0.0461349 3.20819 2.95051 5.709e-14 -2.95051 -3.20819 
felt-main.wav 18 0.00425564 -279.448 45.0316 27.9058 9.27279 -3.26534 -7.11781 -4.56988 -0.0223679 2.83976 2.55918 5.66127e-14 -2.55918 -2.83976 
felt-main.wav 18.5 0.000606798 -301.672 16.6922 7.07853 -3.49099 -10.6048 -12.5255 -10.365 -6.58102 -3.24236 -1.16048 6.04067e-14 1.16048 3.24236 
felt-main.wav 19 0.000578908 -295.05 25.986 16.128 5.1364 -2.46469 -4.80816 -3.07325 -0.0374368 1.85812 1.67045 6.0996e-14 -1.67045 -1.85812 
felt-main.wav 19.5 0.000708249 -296.842 24.5267 17.1835 8.59758 2.10729 -0.500045 0.339703 2.54081 3.75366 2.74388 6.28318e-14 -2.74388 -3.75366 
felt-main.wav 20 0.00193448 -283.709 37.3902 17.9524 0.314919 -7.9569 -8.07733 -4.96766 -1.93356 -0.0339182 0.503461 5.48246e-14 -0.503461 0.0339182 
felt-main.wav 20.5 0.00390701 -276.631 46.3169 24.0409 3.23647 -6.60387 -6.17138 -2.24179 -0.199459 -0.515468 -0.845951 5.4006e-14 0.845951 0.515468 
felt-main.wav 21 0.00212162 -286.525 35.752 20.4933 4.06715 -6.76904 -9.84584 -7.32398 -3.09471 -0.137946 0.644456 5.75103e-14 -0.644456 0.137946 
felt-main.wav 21.5 0.00125807 -297.458 21.2798 8.25033 -6.07793 -15.5333 -17.46 -13.2952 -6.83044 -1.72523 0.309557 5.76849e-14 -0.309557 1.72523 
felt-main.wav 22 0.00464 -274.1 48.0959 23.0659 1.87943 -7.27937 -7.69185 -4.79938 -1.10024 1.86468 2.24979 5.12057e-14 -2.24979 -1.86468 
felt-main.wav 22.5 0.00683839 -277.197 47.0589 28.3833 10.7341 1.35635 -0.655736 -0.356872 -1.2218 -2.77168 -2.56654 5.7144e-14 2.56654 2.77168 
felt-main.wav 23 0.00126638 -289.332 32.9946 20.709 7.46568 -1.43795 -4.43169 -3.26509 -0.848327 0.708663 0.818247 5.9824e-14 -0.818247 -0.708663 
felt-main.wav 23.5 0.00196343 -288.098 35.3395 24.091 10.9713 0.883474 -3.75218 -3.59131 -1.19106 0.82148 1.11237 6.05617e-14 -1.11237 -0.82148 
felt-main.wav 24 0.00666645 -272.001 50.8373 25.7432 5.67233 -1.70678 -2.0398 -1.96835 -1.88143 -0.495456 0.61578 5.15668e-14 -0.61578 0.495456 
felt-main.wav 24.5 0.00677494 -274.487 49.5306 28.159 8.60684 -1.58142 -3.84713 -2.65586 -0.895517 0.262425 0.472584 5.44998e-14 -0.472584 -0.262425 
felt-main.wav 25 0.00167909 -290.316 29.9985 14.3684 -1.22932 -10.2989 -12.046 -9.24794 -5.06262 -1.68084 -0.111838 5.67967e-14 0.111838 1.68084 
felt-main.wav 25.5 0.00263709 -283.219 40.1979 24.5524 8.06372 -2.54773 -5.7141 -4.0426 -1.161 0.623282 0.805237 5.77702e-14 -0.805237 -0.623282 
felt-main.wav 26 0.00203259 -287.902 35.4865 24.0652 11.05 1.27511 -3.21124 -3.2486 -1.19791 0.607903 0.931989 6.05069e-14 -0.931989 -0.607903 
felt-main.wav 26.5 0.000934352 -292.8 28.8678 18.1954 6.03946 -2.92485 -6.56781 -5.63932 -2.60201 -0.0154438 0.748133 6.04597e-14 -0.748133 0.0154438 
felt-main.wav 27 0.00511289 -273.013 49.4351 24.5108 4.14369 -4.57454 -5.54541 -3.47351 -0.366119 2.06524 2.1306 5.17573e-14 -2.1306 -2.06524 
felt-main.wav 27.5 0.00264235 -283.233 39.6468 23.6084 8.40204 -0.0350724 -2.242 -1.63511 -0.825995 -0.563226 -0.413473 5.80047e-14 0.413473 0.563226 
felt-main.wav 28 0.0048622 -272.599 49.1067 23.1206 3.67069 -3.43904 -4.85664 -4.62459 -1.4996 3.09438 4.068 5.0206e-14 -4.068 -3.09438 
felt-main.wav 28.5 0.00338796 -280.048 41.5371 19.4877 -1.0844 -11.132 -11.0689 -6.41888 -1.99722 0.275068 0.617658 5.31593e-14 -0.617658 -0.275068 
felt-main.wav 29 0.00186864 -285.132 37.3765 21.8524 6.47113 -2.20018 -3.84507 -2.2673 -0.941456 -0.683586 -0.568559 5.81493e-14 0.568559 0.683586 
felt-main.wav 29.5 0.00103194 -292.083 29.9967 19.6696 8.01683 -0.548464 -4.28675 -4.15376 -2.32591 -0.661199 0.0447612 6.10538e-14 -0.0447612 0.661199 
felt-main.wav 30 0.0016178 -285.061 36.0553 19.0589 5.46473 -0.114894 -0.992731 -0.510361 0.703747 1.99173 1.8443 5.67883e-14 -1.8443 -1.99173 
felt-main.wav 30.5 0.00118482 -290.86 29.286 13.8233 -1.24904 -9.0218 -9.13262 -5.91564 -3.46259 -2.56211 -1.70241 5.76176e-14 1.70241 2.56211 
felt-main.wav 31 0.00270205 -285.59 38.3301 25.8166 11.4914 0.709457 -4.09964 -3.80085 -1.22026 0.84737 1.11396 5.9847e-14 -1.11396 -0.84737 
felt-main.wav 31.5 0.00130127 -288.252 33.832 19.8032 4.6699 -5.18715 -7.6321 -4.77712 -0.539285 2.00736 1.89524 5.82951e-14 -1.89524 -2.00736 
felt-main.wav 32 0.00698232 -252.447 54.9131 5.90081 -2.30146 4.55797 1.34492 -5.60771 -4.01039 1.94844 2.13758 4.06613e-14 -2.13758 -1.94844 
felt-main.wav 32.5 0.00284292 -277.871 42.6882 19.7446 4.1265 -1.07072 -3.90539 -6.30888 -3.81315 2.40509 4.61659 5.15331e-14 -4.61659 -2.40509 
felt-main.wav 33 0.00113706 -270.905 32.5019 -3.84334 -3.91141 -0.181276 0.777357 -0.172931 -1.98048 1.22711 1.63594 4.69859e-14 -1.63594 -1.22711 
felt-main.wav 33.5 0.000460964 -292.11 25.5525 9.04739 -0.655138 -1.22946 -0.264153 -1.34536 -1.54149 0.43671 1.53464 5.63325e-14 -1.53464 -0.43671 
felt-main.wav 34 0.0020265 -267.442 38.8894 -2.30463 -9.32101 1.80771 7.28665 1.52983 -3.10975 -3.80294 -2.272 4.36893e-14 2.272 3.80294 
felt-main.wav 34.5 0.000988608 -282.186 35.1341 9.84918 -4.43621 -2.62195 2.35261 1.31017 -1.87749 -1.71337 -0.0169245 5.07543e-14 0.0169245 1.71337 
felt-main.wav 35 0.000936275 -288.674 25.1821 -1.29613 -15.245 -11.4374 -4.69852 -5.32667 -8.23805 -6.4939 -2.34302 4.88511e-14 2.34302 6.4939 
felt-main.wav 35.5 0.000685731 -294.043 26.687 15.2328 2.91903 -5.06619 -7.06768 -4.84274 -1.4608 0.745966 1.02918 5.9841e-14 -1.02918 -0.745966 
felt-main.wav 36 0.00632427 -259.28 50.3302 10.6981 -1.98411 -10.5428 -8.48221 2.31572 0.712839 -5.6506 -4.74775 4.60857e-14 4.74775 5.6506 
felt-main.wav 36.5 0.00530939 -276.67 44.0959 17.7559 -5.19709 -14.3072 -11.6051 -5.74426 -3.2035 -3.62369 -3.03348 5.12198e-14 3.03348 3.62369 
felt-main.wav 37 0.0019122 -283.729 37.9865 20.0883 4.58018 -1.04153 0.743453 2.41573 -0.00616044 -3.8011 -4.06117 5.76952e-14 4.06117 3.8011 
felt-main.wav 37.5 0.000360384 -297.391 22.028 11.5741 2.33735 -1.05787 0.357436 2.20787 1.639 -0.371096 -1.1644 6.14782e-14 1.1644 0.371096 
felt-main.wav 38 0.000897379 -282.277 32.5852 8.03268 -2.85717 -4.52398 -1.62708 3.69137 5.03017 -0.6536 -5.23202 5.71236e-14 5.23202 0.6536 
felt-main.wav 38.5 0.000644133 -293.126 26.1907 12.1322 -0.132553 -6.29431 -6.76125 -3.73478 -0.969229 -0.847318 -1.31105 5.93809e-14 1.31105 0.847318 
felt-main.wav 39 0.00094732 -286.749 32.4048 13.6862 1.15999 -0.561175 2.00804 2.69092 1.04047 -0.689199 -0.999354 5.63629e-14 0.999354 0.689199 
felt-main.wav 39.5 0.00179981 -285.754 37.0509 22.3114 6.51459 -3.74136 -6.47333 -4.08333 -0.536051 1.44671 1.3367 5.81653e-14 -1.3367 -1.44671 
felt-main.wav 40 0.0038962 -260.722 43.5259 5.08082 6.59575 1.07276 -11.0556 -7.32117 0.452668 2.46678 0.965029 5.03742e-14 -0.965029 -2.46678 
felt-main.wav 40.5 0.00216511 -281.982 39.4438 20.3781 4.41145 -3.45712 -4.93881 -3.03304 -1.13013 -0.994875 -1.11795 5.65154e-14 1.11795 0.994875 
felt-main.wav 41 0.00198868 -270.445 34.5455 -0.755188 -1.34439 -5.27948 -12.1376 -3.68488 -0.00918711 -4.51765 -3.3072 5.0907e-14 3.3072 4.51765 
felt-main.wav 41.5 0.00210981 -281.898 40.2804 21.4884 3.98995 -4.65378 -4.30921 0.183373 3.26832 2.95374 1.21956 5.63038e-14 -1.21956 -2.95374 
felt-main.wav 42 0.00232999 -266.411 42.423 6.1775 -0.789824 -4.26312 -4.52232 4.65999 4.22718 -3.69863 -4.32707 4.99136e-14 4.32707 3.69863 
felt-main.wav 42.5 0.00235854 -280.19 41.0193 19.7193 2.81928 -2.06379 1.19125 3.94714 1.55149 -2.86749 -3.65996 5.56902e-14 3.65996 2.86749 
felt-main.wav 43 0.00194573 -282.851 39.4919 21.4123 3.85653 -5.04084 -4.96424 -1.28357 0.957357 0.790687 0.0665056 5.64987e-14 -0.0665056 -0.790687 
felt-main.wav 43.5 0.0033275 -288.917 30.886 12.3088 -6.82954 -17.9934 -19.0886 -13.6215 -6.72096 -1.87021 0.0283083 5.43419e-14 -0.0283083 1.87021 
felt-main.wav 44 0.00846566 -259.034 53.3115 14.7699 5.45068 0.497414 -10.2601 -9.14169 0.40274 4.09024 2.17743 4.89475e-14 -2.17743 -4.09024 
felt-main.wav 44.5 0.00308614 -277.243 43.6746 18.9501 -1.56371 -9.81319 -8.67551 -3.84287 0.224583 1.37463 0.666898 5.22114e-14 -0.666898 -1.37463 
felt-main.wav 45 0.00287541 -279.209 43.2173 22.5141 3.98251 -3.66788 -2.24732 0.729633 0.389158 -2.00506 -2.50236 5.55816e-14 2.50236 2.00506 
felt-main.wav 45.5 0.000821754 -292.422 28.6595 16.2757 2.61405 -6.57051 -8.76864 -5.26756 0.207341 3.74717 3.37512 5.88264e-14 -3.37512 -3.74717 
felt-main.wav 46 0.00318003 -281.886 41.9696 25.997 9.01017 -2.17279 -5.74512 -3.95496 -0.350783 2.13346 2.07735 5.73605e-14 -2.07735 -2.13346 
felt-main.wav 46.5 0.000634556 -291.591 28.5351 14.2154 1.42285 -3.64383 -2.17939 0.424309 0.564792 -0.972397 -1.44199 5.89824e-14 1.44199 0.972397 
felt-main.wav 47 0.00117605 -282.211 30.21 0.535446 -12.0712 -10.1692 -3.7315 1.64768 0.862997 -4.85497 -6.65478 5.23876e-14 6.65478 4.85497 
felt-main.wav 47.5 0.00264586 -277.274 43.7429 19.9135 1.70734 -3.8447 -2.00158 0.487031 1.08645 0.340144 -0.252248 5.31844e-14 0.252248 -0.340144 
felt-main.wav 48 0.00488416 -260.794 47.2077 7.8374 6.86391 7.88591 -3.86659 -5.66663 0.147518 1.04868 -0.34364 5.03063e-14 0.34364 -1.04868 
felt-main.wav 48.5 0.0103488 -263.274 57.2563 23.7852 3.2277 -2.20233 -3.80617 -3.33962 0.0654682 1.80861 0.725454 4.86226e-14 -0.725454 -1.80861 
felt-main.wav 49 0.00175311 -285.675 36.9419 22.034 6.41758 -4.03999 -7.48283 -5.07495 -0.182323 3.1823 2.9411 5.77496e-14 -2.9411 -3.1823 
felt-main.wav 49.5 0.00316921 -279.74 43.7369 24.8676 5.40068 -6.19838 -8.10304 -4.07504 0.723372 3.06644 2.42763 5.54203e-14 -2.42763 -3.06644 
felt-main.wav 50 0.00445475 -278.447 45.9345 27.7625 8.49965 -3.81415 -7.01342 -4.1166 0.204356 2.63906 2.25395 5.6039e-14 -2.25395 -2.63906 
felt-main.wav 50.5 0.00073378 -283.912 19.8497 -11.8617 -9.41524 -3.00952 -9.05986 -9.66162 -1.96336 0.961334 -1.06259 5.34404e-14 1.06259 -0.961334 
felt-main.wav 51 0.00123523 -273.175 34.1941 -0.133279 -2.69671 1.08855 -4.9571 -5.58936 2.55295 3.27179 -0.658994 5.26773e-14 0.658994 -3.27179 
felt-main.wav 51.5 0.000885208 -280.94 28.7655 6.14793 6.04666 0.102006 -3.9388 3.18664 2.93507 1.39606 5.33264 5.26979e-14 -5.33264 -1.39606 
felt-main.wav 52 0.00155741 -268.994 35.1901 -2.11026 0.353474 2.7197 -6.58198 -6.61779 -1.61564 0.626789 1.3404 4.92678e-14 -1.3404 -0.626789 
felt-main.wav 52.5 0.00351963 -274.352 46.4807 19.8674 -0.101265 -5.94769 -4.39548 -2.57759 -1.4813 -0.199702 0.507785 5.05505e-14 -0.507785 0.199702 
felt-main.wav 53 0.0019118 -287.875 34.1966 19.8216 4.34901 -5.97057 -9.21056 -7.33748 -3.73976 -0.973742 0.100808 5.81178e-14 -0.100808 0.973742 
felt-main.wav 53.5 0.00157378 -289.65 30.9693 15.0077 -1.58849 -11.4478 -12.6656 -8.31079 -2.97096 0.324793 0.974096 5.65796e-14 -0.974096 -0.324793 
felt-main.wav 54 0.00523696 -258.278 45.0434 6.20844 9.40507 0.590376 -15.1124 -9.06256 1.51164 4.03166 2.57766 5.05687e-14 -2.57766 -4.03166 
felt-main.wav 54.5 0.00695024 -278.591 44.6297 27.1714 13.6199 6.22837 1.38354 -1.8406 -3.7855 -5.34336 -4.57247 5.91496e-14 4.57247 5.34336 
felt-main.wav 55 0.0010782 -289.987 31.8866 19.3607 6.20375 -2.36193 -4.94563 -3.35476 -0.687705 0.803753 0.776961 5.96895e-14 -0.776961 -0.803753 
felt-main.wav 55.5 0.00231206 -287.184 36.3764 24.675 11.445 1.67127 -2.72886 -2.95798 -1.52476 -0.319458 0.0924911 6.05737e-14 -0.0924911 0.319458 
felt-main.wav 56 0.00661115 -258.358 48.265 9.72785 11.5223 6.92098 -7.58452 -4.6975 -0.114935 0.0102101 2.9854 4.83052e-14 -2.9854 -0.0102101 
felt-main.wav 56.5 0.00555498 -274.999 47.6253 25.2884 7.664 0.0643408 -1.91463 -2.13035 -1.5866 -0.878399 -0.394967 5.42873e-14 0.394967 0.878399 
felt-main.wav 57 0.00105565 -293.894 26.2135 13.3271 -0.0213117 -8.19615 -10.0362 -7.90507 -4.80954 -2.42483 -0.965814 5.88518e-14 0.965814 2.42483 
felt-main.wav 57.5 0.00341698 -279.898 43.6307 24.9797 5.53606 -6.42462 -8.9333 -5.33995 -0.492567 2.28992 2.11827 5.54715e-14 -2.11827 -2.28992 
felt-main.wav 58 0.00248235 -284.452 39.237 25.1023 9.36176 -1.69724 -5.5509 -3.69609 0.24918 2.86876 2.55795 5.84756e-14 -2.55795 -2.86876 
felt-main.wav 58.5 0.00117005 -289.552 32.619 20.0288 6.16622 -3.36384 -6.4233 -4.45291 -0.704403 1.84488 1.87009 5.92545e-14 -1.87009 -1.84488 
felt-main.wav 59 0.00511011 -255.882 48.2131 5.11688 6.611 4.27389 -7.11921 -3.35738 -0.0180544 -0.000509107 3.48752 4.47431e-14 -3.48752 0.000509107 
felt-main.wav 59.5 0.00241163 -280.833 40.7094 21.3408 5.97297 -1.57275 -4.54974 -4.22152 -0.764982 2.8924 3.18706 5.50467e-14 -3.18706 -2.8924 
felt-main.wav 60 0.00473164 -261.007 48.5097 8.97197 4.37817 4.46936 -6.47523 -8.07478 0.431455 4.64944 2.87446 4.86718e-14 -2.87446 -4.64944 
felt-main.wav 60.5 0.00280788 -279.141 39.3252 14.1903 -2.39219 -8.76619 -10.8532 -8.11816 -2.14768 0.648661 -0.02167 5.31591e-14 0.02167 -0.648661 
felt-main.wav 61 0.00197459 -282.612 39.4972 21.1888 4.28526 -3.83063 -3.76974 -0.615524 1.18531 0.724225 -0.110228 5.66003e-14 0.110228 -0.724225 
felt-main.wav 61.5 0.00127215 -287.67 34.4164 19.9749 4.80068 -4.56808 -6.38986 -3.30586 0.605107 2.57178 2.04384 5.81756e-14 -2.04384 -2.57178 
felt-main.wav 62 0.0019103 -267.23 36.3985 -0.271042 5.85368 10.5223 -2.43618 -8.68553 0.619875 7.66655 2.80161 5.29962e-14 -2.80161 -7.66655 
felt-main.wav 62.5 0.00134609 -287.918 31.5277 13.1485 -2.17159 -8.61144 -8.56138 -6.05901 -3.47472 -1.77071 -0.804314 5.56931e-14 0.804314 1.77071 
felt-main.wav 63 0.00234892 -284.946 38.1889 23.7097 8.79072 -0.298793 -2.56335 -1.13469 0.40935 0.685845 0.303166 5.89146e-14 -0.303166 -0.685845 
felt-main.wav 63.5 0.00155962 -285.847 36.0874 19.669 2.96332 -6.60778 -7.72239 -4.08332 -0.286709 1.36611 1.09711 5.69847e-14 -1.09711 -1.36611 
felt-main.wav 64 0.0073387 -255.32 54.2405 10.6391 1.82591 -0.158371 -7.56239 -3.75434 4.2385 1.3252 -3.30865 4.91231e-14 3.30865 -1.3252 
felt-main.wav 64.5 0.00314885 -277.98 44.235 22.5446 3.48108 -5.51858 -5.69882 -1.99536 0.379954 -0.41954 -1.37936 5.51521e-14 1.37936 0.41954 
felt-main.wav 65 0.000691394 -291.82 27.9361 12.7955 -1.28912 -7.65472 -6.46615 -2.29618 0.656383 1.24908 0.650907 5.77299e-14 -0.650907 -1.24908 
felt-main.wav 65.5 0.000672027 -294.878 26.6035 17.5545 7.08676 -0.829496 -4.19655 -3.4961 -0.920812 1.10429 1.29205 6.16176e-14 -1.29205 -1.10429 
felt-main.wav 66 0.000985138 -292.288 29.953 19.9926 8.2255 -0.900837 -4.9249 -4.22103 -1.24686 1.17027 1.46264 6.10421e-14 -1.46264 -1.17027 
felt-main.wav 66.5 0.000879774 -292.547 29.4176 19.1113 7.16893 -1.73751 -5.22755 -3.97205 -0.692551 1.71601 1.7813 6.07432e-14 -1.7813 -1.71601 
felt-main.wav 67 0.000801235 -299.371 19.4053 8.30558 -4.18416 -12.7509 -14.8028 -11.3221 -5.62616 -1.12041 0.537996 5.91039e-14 -0.537996 1.12041 
felt-main.wav 67.5 0.000663237 -295.116 25.8344 15.6287 3.78146 -4.93988 -7.94885 -5.8368 -1.54412 1.63085 1.94607 6.03954e-14 -1.94607 -1.63085 
felt-main.wav 68 0.00610394 -274.455 48.4985 24.5489 2.28097 -9.53176 -11.4503 -7.61842 -1.78791 2.64066 3.10615 5.15531e-14 -3.10615 -2.64066 
felt-main.wav 68.5 0.00518032 -276.963 44.1387 18.6666 -3.64361 -12.7096 -10.9701 -6.33757 -3.70106 -2.91814 -1.94109 5.13551e-14 1.94109 2.91814 
felt-main.wav 69 0.00202494 -286.955 36.1104 23.3363 9.78235 0.77067 -2.57039 -2.3266 -1.11769 -0.325692 -0.0593231 5.98932e-14 0.0593231 0.325692 
felt-main.wav 69.5 0.000314121 -299.556 20.1921 11.9293 3.13683 -2.27533 -3.06202 -0.75453 1.96923 3.12119 2.21653 6.1952e-14 -2.21653 -3.12119 
felt-main.wav 70 0.000707466 -294.05 27.3442 17.3732 6.25039 -1.62492 -4.53853 -3.57409 -1.14595 0.64058 0.894875 6.1066e-14 -0.894875 -0.64058 
felt-main.wav 70.5 0.000533673 -297.868 22.4175 13.3899 2.82574 -5.11749 -8.10848 -6.50407 -2.72591 0.362973 1.13626 6.11052e-14 -1.13626 -0.362973 
felt-main.wav 71 0.00102172 -286.406 33.2901 15.0558 1.92071 -1.49452 -0.291824 0.769635 1.17031 1.41463 1.08197 5.61027e-14 -1.08197 -1.41463 
felt-main.wav 71.5 0.00161755 -285.261 36.7815 20.3894 4.51727 -3.66921 -4.13144 -1.68261 -0.507496 -0.990398 -1.1336 5.77252e-14 1.1336 0.990398 
felt-main.wav 72 0.00395324 -275.026 46.579 21.5557 1.14908 -7.12852 -7.22997 -4.44315 -1.09755 1.35395 1.63299 5.14883e-14 -1.63299 -1.35395 
felt-main.wav 72.5 0.00247641 -281.303 40.9042 21.7975 4.64418 -3.21129 -3.47889 -1.75332 -1.37287 -1.93 -1.63018 5.60936e-14 1.63018 1.93 
felt-main.wav 73 0.00185727 -287.467 33.5917 16.6883 -0.601428 -10.7535 -12.1208 -7.88772 -2.61613 0.612983 1.13694 5.61049e-14 -1.13694 -0.612983 
felt-main.wav 73.5 0.00195614 -285.908 37.1805 23.2238 8.14061 -1.75166 -4.40031 -1.99184 1.58416 3.38466 2.55838 5.86942e-14 -2.55838 -3.38466 
felt-main.wav 74 0.0019336 -284.617 38.3976 22.9171 6.15687 -4.74522 -7.31115 -3.92535 0.878715 3.51461 2.86105 5.74408e-14 -2.86105 -3.51461 
felt-main.wav 74.5 0.0022556 -290.207 33.4649 24.8526 14.281 5.14247 -0.644496 -3.00564 -3.04843 -2.08686 -0.983626 6.27369e-14 0.983626 2.08686 
felt-main.wav 75 0.00177797 -286.62 36.4741 23.0369 8.00271 -2.52843 -6.04832 -4.1041 -0.324812 2.11815 1.984 5.88925e-14 -1.984 -2.11815 
felt-main.wav 75.5 0.00341118 -290.55 28.2862 9.12052 -10.2853 -21.0005 -21.1741 -14.9759 -7.90398 -3.10362 -0.854228 5.38242e-14 0.854228 3.10362 
felt-main.wav 76 0.00890429 -266.304 55.784 24.7263 0.976678 -7.07648 -6.79815 -4.92595 -1.65248 2.38204 3.3405 4.70256e-14 -3.3405 -2.38204 
felt-main.wav 76.5 0.00282609 -280 41.8541 20.1947 -0.249397 -10.1867 -9.7177 -4.63219 -0.173418 1.69777 1.38645 5.34556e-14 -1.38645 -1.69777 
felt-main.wav 77 0.00282135 -280.813 41.9764 23.3186 5.87048 -2.53644 -2.75605 -0.615126 -0.269135 -1.39091 -1.55905 5.65717e-14 1.55905 1.39091 
felt-main.wav 77.5 0.000498379 -295.987 24.6327 14.7876 3.96499 -3.36611 -5.41044 -3.24671 0.398918 2.76432 2.43263 6.07545e-14 -2.43263 -2.76432 
felt-main.wav 78 0.00323545 -281.534 42.3513 26.0922 8.78776 -2.61073 -6.20469 -4.20949 -0.26148 2.48156 2.38851 5.7091e-14 -2.38851 -2.48156 
felt-main.wav 78.5 0.000806134 -293.573 27.9658 18.0007 7.09406 -0.651895 -3.96862 -3.86991 -2.16299 -0.47876 0.2223 6.11609e-14 -0.2223 0.47876 
felt-main.wav 79 0.00049919 -293.023 25.9719 11.0446 -1.147 -4.88952 -2.65206 -0.0870277 -0.125396 -1.5155 -1.67104 5.8416e-14 1.67104 1.5155 
felt-main.wav 79.5 0.00244086 -279.102 42.1796 20.2696 3.04715 -2.8981 -2.08647 -0.314763 0.499493 0.571076 0.313145 5.41022e-14 -0.313145 -0.571076 
felt-main.wav 80 0.00503475 -272.762 49.5433 24.0721 3.61124 -4.05199 -3.51255 -1.15033 0.343624 0.641851 0.313112 5.20403e-14 -0.313112 -0.641851 
felt-main.wav 80.5 0.00974343 -268.906 55.5426 29.5512 5.56926 -5.76207 -5.68783 -1.65091 0.85277 1.00904 0.383359 5.16726e-14 -0.383359 -1.00904 
felt-main.wav 81 0.00208293 -284.752 38.2939 23.0276 6.31859 -5.10204 -8.61087 -5.77424 -0.580378 2.94956 2.85633 5.73932e-14 -2.85633 -2.94956 
felt-main.wav 81.5 0.00289411 -282.08 41.7342 25.5684 7.8131 -4.25683 -7.88859 -5.03 0.00798111 3.27123 2.97563 5.69739e-14 -2.97563 -3.27123 
felt-main.wav 82 0.00433439 -279.409 45.1447 28.1093 9.44956 -3.25741 -7.27549 -4.73177 -0.0294596 2.98623 2.70656 5.6639e-14 -2.70656 -2.98623 
felt-main.wav 82.5 0.000743161 -297.88 21.7448 11.3142 -0.285896 -8.31077 -10.7965 -8.83802 -5.09395 -1.9342 -0.367561 6.01233e-14 0.367561 1.9342 
felt-main.wav 83 0.00069839 -293.91 27.5313 17.4444 6.03481 -2.11058 -4.94959 -3.47991 -0.433268 1.6273 1.59114 6.08874e-14 -1.59114 -1.6273 
felt-main.wav 83.5 0.000693805 -296.863 24.4658 17.0385 8.35923 1.8416 -0.665319 0.387825 2.80856 4.11183 2.99507 6.27302e-14 -2.99507 -4.11183 
felt-main.wav 84 0.00196094 -283.645 37.4928 18.0661 0.403855 -7.91957 -8.07931 -4.98674 -1.96906 -0.0865414 0.460411 5.48462e-14 -0.460411 0.0865414 
felt-main.wav 84.5 0.00352579 -277.42 45.4317 23.6559 3.29701 -6.25949 -5.6711 -1.76406 0.0294343 -0.595668 -1.01876 5.43979e-14 1.01876 0.595668 
felt-main.wav 85 0.00212597 -286.534 35.8935 20.9256 4.60084 -6.44071 -9.82192 -7.40417 -3.00435 0.170559 0.932506 5.7654e-14 -0.932506 -0.170559 
felt-main.wav 85.5 0.00136211 -291.355 29.6032 15.8087 0.594953 -9.63241 -12.2292 -8.79655 -3.25395 0.74086 1.55923 5.7847e-14 -1.55923 -0.74086 
felt-main.wav 86 0.00459941 -274.14 48.0499 23.0573 1.92341 -7.20368 -7.62759 -4.7634 -1.0693 1.90997 2.28948 5.12241e-14 -2.28948 -1.90997 
felt-main.wav 86.5 0.00655793 -276.764 47.2369 27.8161 9.9443 0.882162 -0.77947 -0.275956 -0.954568 -2.36665 -2.24911 5.65986e-14 2.24911 2.36665 
felt-main.wav 87 0.00137958 -288.998 33.6372 21.5817 8.18061 -1.26595 -4.69974 -3.44785 -0.517064 1.46136 1.44711 5.98815e-14 -1.44711 -1.46136 
felt-main.wav 87.5 0.00214404 -287.682 35.9394 24.6754 11.4261 1.09484 -3.7839 -3.7417 -1.31551 0.781502 1.12 6.05663e-14 -1.12 -0.781502 
felt-main.wav 88 0.00664031 -272.12 50.7344 25.7682 5.767 -1.63612 -2.01767 -1.95967 -1.87095 -0.499789 0.600256 5.16626e-14 -0.600256 0.499789 
felt-main.wav 88.5 0.0066437 -275.091 49.1423 28.4563 8.87407 -1.70981 -3.87136 -2.25736 -0.619918 -0.117899 -0.132578 5.51684e-14 0.132578 0.117899 
felt-main.wav 89 0.00157299 -288.188 33.0462 17.4776 1.8605 -7.36596 -9.39746 -6.96035 -3.17058 -0.255288 0.682372 5.7089e-14 -0.682372 0.255288 
felt-main.wav 89.5 0.0024237 -283.853 39.4149 24.082 7.99973 -2.28837 -5.34557 -3.75879 -1.0278 0.648676 0.795004 5.79783e-14 -0.795004 -0.648676 
felt-main.wav 90 0.00215333 -287.472 36.0488 24.4584 11.1527 1.11818 -3.40677 -3.24719 -0.950674 0.950863 1.16637 6.03823e-14 -1.16637 -0.950863 
felt-main.wav 90.5 0.00122942 -290.532 31.7107 20.1186 6.90424 -2.83898 -6.77416 -5.71837 -2.38891 0.374858 1.0491 5.99057e-14 -1.0491 -0.374858 
felt-main.wav 91 0.00543291 -272.75 49.8773 25.0497 4.61317 -4.34695 -5.54624 -3.53246 -0.345395 2.15993 2.21065 5.1835e-14 -2.21065 -2.15993 
felt-main.wav 91.5 0.00221466 -283.638 39.1259 22.9227 7.03091 -2.06749 -4.01217 -2.13965 0.0275482 0.826432 0.547009 5.76712e-14 -0.547009 -0.826432 
felt-main.wav 92 0.00449824 -273.216 48.3986 22.7622 3.65509 -3.12695 -4.26333 -3.99044 -1.1294 3.13708 3.98519 5.04756e-14 -3.98519 -3.13708 
felt-main.wav 92.5 0.00337125 -279.23 43.3369 22.414 2.0792 -8.88572 -9.89925 -5.5445 -0.730869 1.81232 1.70051 5.39511e-14 -1.70051 -1.81232 
felt-main.wav 93 0.00198367 -285.083 37.6407 22.5192 7.35826 -1.49488 -3.52799 -2.11809 -0.569475 -0.0211282 -0.0129047 5.83504e-14 0.0129047 0.0211282 
felt-main.wav 93.5 0.000984737 -292.361 29.5168 18.9931 7.18483 -1.36608 -4.92476 -4.57222 -2.59618 -0.853051 -0.0680157 6.08674e-14 0.0680157 0.853051 
felt-main.wav 94 0.00155492 -285.028 35.9689 18.7198 5.0095 -0.458483 -1.10329 -0.421871 0.869029 2.12158 1.90146 5.66144e-14 -1.90146 -2.12158 
felt-main.wav 94.5 0.00124626 -290.397 29.6748 13.6592 -1.79455 -9.57591 -9.4635 -6.01672 -3.4368 -2.50591 -1.66677 5.72372e-14 1.66677 2.50591 
felt-main.wav 95 0.00265926 -285.409 38.3714 25.4646 11.0361 0.597396 -3.74996 -3.3332 -1.08821 0.553964 0.759901 5.96978e-14 -0.759901 -0.553964 
felt-main.wav 95.5 0.00125945 -288.41 33.5275 19.3699 4.26312 -5.36651 -7.56855 -4.67011 -0.591401 1.7939 1.70187 5.82313e-14 -1.70187 -1.7939 
